54,5 58,3 45,3 46,3 62,5 63,6 46,4 89,1 80,8 62,6
14,3 25,3 49,3 25,8 61,8 48,3 59,3 46,8 53,3 53,0
79,3 67,3 19,6 59,3 50,3 57,
3 82,9 61,7 71,3 38,8
54,2 53,1 54,0 73,8 50,8 36,3 56,3 25,7 74,7 61,5
28,1 54,3 75,5 27,3 34,3 51,7 82,6 55,1 31,3 60,9
55,6 62,9 32,7 46,7 52,1 56,0 53,7 53,1 61,8 51,7
37,8 54,3 31,3 44,0 58,7 52,1 39,9 22,7 32,7 41,9
53,8 31,0 58,3 72,9 33,6 67,0 48,1 35,5 48,3 73,4
50,6 81,0 41,4 73,5 43,6 34,3 50,4 47,3 94,3 67,3
34,3 48,1 69,1 26,3 43,1 46,6 45,3 69,1 22,1 34,3